0 73.54 79.30
1 72.97 78.70
2 72.00 77.74
3 71.02 76.75
4 70.04 75.77
5 69.05 74.78
6 68.06 73.79
7 67.07 72.79
8 66.08 71.80
9 65.09 70.81
10 64.10 69.82
11 63.10 68.82
12 62.11 67.83
13 61.12 66.84
14 60.14 65.85
15 59.16 64.86
16 58.18 63.88
17 57.22 62.90
18 56.27 61.92
19 55.33 60.94
20 54.40 59.97
21 53.47 59.00
22 52.55 58.03
23 51.64 57.07
24 50.72 56.11
25 49.82 55.15
26 48.91 54.19
27 48.01 53.23
28 47.12 52.28
29 46.23 51.33
30 45.34 50.38
31 44.46 49.44
32 43.57 48.50
33 42.69 47.56
34 41.82 46.62
35 40.94 45.69
36 40.06 44.76
37 39.19 43.83
38 38.32 42.91
39 37.45 41.98
40 36.58 41.07
41 35.72 40.15
42 34.86 39.24
43 34.00 38.33
44 33.15 37.42
45 32.30 36.52
46 31.45 35.62
47 30.61 34.73
48 29.77 33.84
49 28.94 32.95
50 28.12 32.07
51 27.30 31.20
52 26.50 30.33
53 25.70 29.47
54 24.91 28.62
55 24.14 27.77
56 23.37 26.93
57 22.61 26.10
58 21.87 25.27
59 21.13 24.46
60 20.41 23.65
61 19.70 22.86
62 19.00 22.07
63 18.31 21.29
64 17.63 20.52
65 16.95 19.75
66 16.29 18.99
67 15.63 18.23
68 14.98 17.48
69 14.33 16.74
70 13.69 16.00
71 13.06 15.27
72 12.43 14.56
73 11.82 13.85
74 11.21 13.16
75 10.62 12.49
76 10.05 11.83
77 9.49 11.19
78 8.95 10.57
79 8.42 9.96
80 7.92 9.38
81 7.43 8.81
82 6.96 8.26
83 6.50 7.73
84 6.07 7.21
85 5.65 6.72
86 5.26 6.26
87 4.88 5.82
88 4.53 5.41
89 4.21 5.02
90 3.90 4.65
91 3.62 4.31
92 3.36 3.99
93 3.14 3.71
94 2.94 3.45
95 2.76 3.22
96 2.60 3.01
97 2.45 2.82
98 2.32 2.66
99 2.20 2.50
100 2.09 2.35
101 1.98 2.21
102 1.87 2.08
103 1.77 1.95
104 1.67 1.82
105 1.58 1.71
106 1.49 1.59
107 1.40 1.49
108 1.32 1.39
109 1.24 1.29
110 1.16 1.20
111 1.09 1.11
112 1.01 1.03
113 0.95 0.95
114 0.88 0.88
115 0.82 0.82
116 0.76 0.76
117 0.70 0.70
118 0.65 0.65
119 0.60 0.60